2
1
145
0
0x30
63
16
1
0x09
0x00
0x00
145
2
0
1
0
0
8
16
/*exp_tbl_1*/
4
17
3
193
3
152
3
113
3
76
3
40
3
6
2
229
2
197
2
167
2
139
2
111
2
85
2
59
2
35
2
12
1
246
1
224
1
204
1
184
1
166
1
148
1
131
1
114
1
98
1
83
1
69
1
55
1
42
1
29
1
17
1
6
0
251
0
240
0
230
0
220
0
211
0
202
0
193
0
185
0
177
0
169
0
162
0
155
0
149
0
142
0
136
0
131
0
125
0
120
0
115
0
110
0
105
0
101
0
96
0
92
0
88
0
84
0
81
0
77
0
74
0
71
0
68
0
65
0
62
0
60
0
57
0
55
0
52
0
50
0
48
0
46
0
44
0
42
0
40
0
38
0
37
0
35
0
34
0
32
0
31
0
30
0
28
0
27
0
26
0
25
0
24
0
23
0
22
0
21
0
20
0
19
0
18
0
17
0
17
0
16
0
15
0
15
0
14
0
13
0
13
0
12
0
12
0
11
0
11
0
10
0
10
0
9
0
9
0
8
0
8
0
8
0
7
0
7
0
7
0
6
0
6
0
6
0
6
0
5
0
5
0
5
0
5
0
4
0
4
0
4
0
4
0
4
0
3
0
3
0
3
0
3
0
3
0
3
0
3
0
2
0
2
0
2
0
2
0
2
0
2
0
2
0
2
0
2
0
1
/*vtable_1*/
1
2
80
0
0
2
/*error_tble_1*/
145
0
64
0
0
0
0
0
0
0
0
0
0
0
0
0
0
0
0
0
0
0
0
0
0
0
0
0
0
0
0
0
0
0
0
0
0
0
0
0
0
0
0
0
0
0
0
0
0
0
0
0
0
0
0
0
0
0
0
0
0
0
0
0
0
0
0
0
0
0
0
0
0
0
0
0
0
0
1
0
0
0
0
0
0
1
0
0
0
0
0
0
0
0
1
1
1
0
0
1
0
1
2
0
2
0
2
0
2
0
3
1
4
2
0
4
2
1
5
3
2
0
5
4
2
0
7
6
4
2
0
10
9
7
5
3
2
0
14
13
11
9
7
6
4
2
0
27
/*table2*/
196
0
0x40
0
16
1
0x20
0x00
0x00
196
2
0
1
0
0
8
16
/*exp_tbl_2*/
35
130
34
1
32
144
31
46
29
220
28
152
27
98
26
56
25
28
24
11
23
6
22
12
21
29
20
56
19
92
18
138
17
193
17
0
16
72
15
151
14
238
14
76
13
177
13
28
12
142
12
5
11
131
11
6
10
142
10
28
9
174
9
69
8
224
8
128
8
36
7
203
7
119
7
38
6
216
6
142
6
71
6
2
5
193
5
131
5
71
5
14
4
215
4
162
4
112
4
64
4
18
3
229
3
187
3
147
3
108
3
71
3
35
3
1
2
224
2
193
2
163
2
135
2
107
2
81
2
56
2
32
2
9
1
242
1
221
1
201
1
182
1
163
1
145
1
128
1
112
1
96
1
81
1
67
1
53
1
40
1
28
1
16
1
4
0
249
0
238
0
228
0
219
0
220
0
200
0
192
0
184
0
176
0
168
0
161
0
154
0
148
0
142
0
136
0
130
0
124
0
119
0
114
0
120
0
104
0
100
0
96
0
92
0
88
0
84
0
80
0
77
0
74
0
71
0
68
0
65
0
62
0
59
0
57
0
54
0
52
0
50
0
48
0
46
0
44
0
42
0
40
0
38
0
37
0
35
0
34
0
32
0
31
0
29
0
28
0
27
0
26
0
25
0
24
0
23
0
22
0
21
0
20
0
19
0
18
0
17
0
17
0
16
0
15
0
14
0
14
0
13
0
13
0
12
0
12
0
11
0
11
0
10
0
10
0
9
0
9
0
8
0
8
0
8
0
7
0
7
0
7
0
6
0
6
0
6
0
6
0
5
0
5
0
5
0
5
0
4
0
4
0
4
0
4
0
4
0
3
0
3
0
3
0
3
0
3
0
3
0
3
0
2
0
2
0
2
0
2
0
2
0
2
0
2
0
2
0
2
0
1
/*vtable_2*/
1
2
80
0
0
2
/*error_tbl_2*/
196
0
64
0
0
0
0
0
0
0
0
0
0
0
0
0
0
0
0
0
0
0
0
0
0
0
0
0
0
0
0
0
0
0
0
0
0
0
0
0
0
0
0
0
0
0
0
0
0
0
0
0
0
0
0
0
0
0
0
0
0
0
0
0
0
0
0
0
0
0
0
0
0
0
0
0
0
0
0
0
0
0
0
0
0
0
0
0
0
0
0
0
0
0
0
0
0
0
0
0
0
0
0
0
0
0
0
0
0
0
0
0
0
0
0
0
0
0
0
0
0
0
0
0
0
0
0
0
0
0
0
0
0
0
0
1
0
0
0
0
0
0
0
0
0
0
1
1
0
0
1
2
0
2
0
1
0
1
0
2
0
2
1
4
2
0
4
2
0
5
3
1
0
5
3
2
0
7
5
4
2
0
10
8
7
5
3
1
0
14
12
11
9
7
5
4
2
0
26
