3 /*n_tbl*/
5 /*nreg*/
/* table =1 872x654*/
176 /*n_entry*/
0 /*tblidx_min*/
0x30 /*sensorMode of this tbl*/
63 /*expidx0_tvscale*/
16 /*exp_tvscale*/
1 /*n_burst_tbl*/
0x35
0x00
0
0x35
0x01
0
0x35
0x02
0
0x35
0x0C
0
0x35
0x0D
0
/*loop1 for n_burst_tbl*/
176 /*n_entry_burst*/
5 /*nbyte_entry*/
0 /*burstidx_min*/
5 /*nreg_involved*/
0 /*reg# in template*/
0 /*lsb right shift*/
16  /*lsb left shift*/
8 /*nbit_mask*/
1 /*reg1 in template*/
8 /*lsb right shift*/
16 /*lsb left shift*/
8 /*nbit_mask*/
2 /*reg2 in template*/
16 /*lsb right shift*/
16 /*lsb left shift*/
8 /*nbit_mask*/
3 /*reg3 in template*/
24 /*lsb right shift*/
16 /*lsb left shift*/
8 /*nbit_mask*/
4 /*reg4 in template*/
32 /*lsb right shift*/
16 /*lsb left shift*/
8 /*nbit_mask*/
/*loop0 ends*/
/*contains for n_entry_burst*/
0
79
48
2
80
0
75
208
2
26
0
72
160
1
231
0
69
128
1
181
0
66
144
1
134
0
63
192
1
89
0
61
16
1
46
0
58
112
1
4
0
56
0
0
221
0
53
160
0
183
0
51
80
0
146
0
49
32
0
111
0
47
16
0
78
0
45
16
0
46
0
43
48
0
16
0
41
80
0
0
0
39
144
0
0
0
37
224
0
0
0
36
80
0
0
0
34
192
0
0
0
33
64
0
0
0
31
224
0
0
0
30
128
0
0
0
29
48
0
0
0
28
0
0
0
0
26
208
0
0
0
25
160
0
0
0
24
144
0
0
0
23
128
0
0
0
22
128
0
0
0
21
144
0
0
0
20
160
0
0
0
19
192
0
0
0
18
240
0
0
0
18
32
0
0
0
17
96
0
0
0
16
160
0
0
0
15
240
0
0
0
15
64
0
0
0
14
160
0
0
0
14
0
0
0
0
13
96
0
0
0
12
208
0
0
0
12
64
0
0
0
11
192
0
0
0
11
64
0
0
0
10
192
0
0
0
10
80
0
0
0
9
224
0
0
0
9
112
0
0
0
9
16
0
0
0
8
176
0
0
0
8
80
0
0
0
7
240
0
0
0
7
160
0
0
0
7
80
0
0
0
7
0
0
0
0
6
176
0
0
0
6
96
0
0
0
6
32
0
0
0
5
224
0
0
0
5
160
0
0
0
5
96
0
0
0
5
32
0
0
0
4
240
0
0
0
4
176
0
0
0
4
128
0
0
0
4
80
0
0
0
4
32
0
0
0
3
240
0
0
0
3
208
0
0
0
3
160
0
0
0
3
128
0
0
0
3
80
0
0
0
3
48
0
0
0
3
16
0
0
0
2
240
0
0
0
2
208
0
0
0
2
176
0
0
0
2
144
0
0
0
2
112
0
0
0
2
80
0
0
0
2
64
0
0
0
2
32
0
0
0
2
16
0
0
0
1
240
0
0
0
1
224
0
0
0
1
208
0
0
0
1
192
0
0
0
1
160
0
0
0
1
144
0
0
0
1
128
0
0
0
1
112
0
0
0
1
96
0
0
0
1
80
0
0
0
1
64
0
0
0
1
48
0
0
0
1
48
0
0
0
1
32
0
0
0
1
16
0
0
0
1
0
0
0
0
1
0
0
0
0
0
240
0
0
0
0
224
0
0
0
0
224
0
0
0
0
208
0
0
0
0
192
0
0
0
0
192
0
0
0
0
176
0
0
0
0
176
0
0
0
0
160
0
0
0
0
160
0
0
0
0
144
0
0
0
0
144
0
0
0
0
144
0
0
0
0
128
0
0
0
0
128
0
0
0
0
128
0
0
0
0
112
0
0
0
0
112
0
0
0
0
112
0
0
0
0
96
0
0
0
0
96
0
0
0
0
96
0
0
0
0
80
0
0
0
0
80
0
0
0
0
80
0
0
0
0
80
0
0
0
0
80
0
0
0
0
64
0
0
0
0
64
0
0
0
0
64
0
0
0
0
64
0
0
0
0
64
0
0
0
0
48
0
0
0
0
48
0
0
0
0
48
0
0
0
0
48
0
0
0
0
48
0
0
0
0
48
0
0
0
0
48
0
0
0
0
32
0
0
0
0
32
0
0
0
0
32
0
0
0
0
32
0
0
0
0
32
0
0
0
0
32
0
0
0
0
32
0
0
0
0
32
0
0
0
0
32
0
0
0
0
16
0
0
0
0
16
0
0
0
0
16
0
0
0
0
16
0
0
0
0
16
0
0
0
0
16
0
0
0
0
16
0
0
0
0
16
0
0
0
0
16
0
0
0
0
16
0
0
0
0
16
0
0
0
0
16
0
0
0
0
16
0
0
0
0
16
0
0
0
0
16
0
0
0
0
16
0
0
0
0
16
0
0
0
0
0
0
0
0
0
0
0
0
0
0
0
0
0
0
0
0
0
0
0
0
0
0
0
0
0
0
0
0
0
0
0
0
0
0
0
0
0
0
0
0
0
0
0
/*end contains*/
/*vtable Start*/
1
2 /*vtable,n_vtbl,def_vtype(0:no used)*/
80 /*for n_vtbl*/
0
0 /*Min Table index in evtbl*/
2 /*vtable End*/
176 /*error table entry*/
0
64
0
0
0
0
0
0
0
0
0
0
0
0
0
0
0
0
0
0
0
0
0
0
0
0
0
0
0
0
0
0
0
0
0
0
0
0
0
0
0
0
0
0
0
0
0
0
0
0
0
0
0
0
0
0
0
0
0
0
0
0
0
0
0
0
0
1
1
0
0
0
1
1
0
0
1
0
0
0
0
0
1
1
1
0
1
1
2
2
2
1
1
0
2
0
2
0
1
2
3
0
1
1
2
2
2
1
1
0
4
3
2
0
4
2
6
4
1
5
2
6
2
6
1
5
9
3
7
0
4
8
12
4
8
12
2
6
10
14
1
5
9
13
17
0
4
8
12
16
20
24
2
6
10
14
18
22
26
30
34
0
4
8
12
16
20
24
28
32
36
40
44
48
52
56
60
0
/*end of table=1 872x654p */
/*start table=2 1280x720p */
176 /*n_entry*/
0 /*tblidx_min*/
0x31 /*sensorMode of this tbl*/
63 /*expidx0_tvscale*/
16 /*exp_tvscale*/
1 /*n_burst_tbl*/
0x35
0x00
0
0x35
0x01
0
0x35
0x02
0
0x35
0x0C
0
0x35
0x0D
0
/*loop1 for n_burst_tbl*/
176 /*n_entry_burst*/
5 /*nbyte_entry*/
0 /*burstidx_min*/
5 /*nreg_involved*/
0 /*reg# in template*/
0 /*lsb right shift*/
16  /*lsb left shift*/
8 /*nbit_mask*/
1 /*reg1 in template*/
8 /*lsb right shift*/
16 /*lsb left shift*/
8 /*nbit_mask*/
2 /*reg2 in template*/
16 /*lsb right shift*/
16 /*lsb left shift*/
8 /*nbit_mask*/
3 /*reg3 in template*/
24 /*lsb right shift*/
16 /*lsb left shift*/
8 /*nbit_mask*/
4 /*reg4 in template*/
32 /*lsb right shift*/
16 /*lsb left shift*/
8 /*nbit_mask*/
/*loop0 ends*/
/*contains for n_entry_burst*/
0
90
208
2
199
0
86
240
2
137
0
83
64
2
78
0
79
192
2
22
0
76
80
1
224
0
73
32
1
173
0
70
0
1
123
0
67
16
1
75
0
64
48
1
30
0
61
112
0
242
0
58
224
0
201
0
56
96
0
161
0
54
0
0
123
0
51
176
0
86
0
49
128
0
51
0
47
96
0
17
0
45
96
0
0
0
43
112
0
0
0
41
160
0
0
0
39
224
0
0
0
38
48
0
0
0
36
144
0
0
0
35
0
0
0
0
33
128
0
0
0
32
16
0
0
0
30
192
0
0
0
29
112
0
0
0
28
48
0
0
0
27
0
0
0
0
25
208
0
0
0
24
192
0
0
0
23
176
0
0
0
22
176
0
0
0
21
176
0
0
0
20
208
0
0
0
19
240
0
0
0
19
16
0
0
0
18
64
0
0
0
17
128
0
0
0
16
192
0
0
0
16
0
0
0
0
15
96
0
0
0
14
176
0
0
0
14
16
0
0
0
13
128
0
0
0
12
224
0
0
0
12
96
0
0
0
11
208
0
0
0
11
80
0
0
0
10
208
0
0
0
10
96
0
0
0
9
240
0
0
0
9
128
0
0
0
9
32
0
0
0
8
192
0
0
0
8
96
0
0
0
8
0
0
0
0
7
176
0
0
0
7
80
0
0
0
7
0
0
0
0
6
192
0
0
0
6
112
0
0
0
6
48
0
0
0
5
224
0
0
0
5
160
0
0
0
5
112
0
0
0
5
48
0
0
0
4
240
0
0
0
4
192
0
0
0
4
144
0
0
0
4
96
0
0
0
4
48
0
0
0
4
0
0
0
0
3
208
0
0
0
3
160
0
0
0
3
128
0
0
0
3
96
0
0
0
3
48
0
0
0
3
16
0
0
0
2
240
0
0
0
2
208
0
0
0
2
176
0
0
0
2
144
0
0
0
2
112
0
0
0
2
96
0
0
0
2
64
0
0
0
2
48
0
0
0
2
16
0
0
0
2
0
0
0
0
1
224
0
0
0
1
208
0
0
0
1
192
0
0
0
1
176
0
0
0
1
144
0
0
0
1
128
0
0
0
1
112
0
0
0
1
96
0
0
0
1
80
0
0
0
1
64
0
0
0
1
48
0
0
0
1
48
0
0
0
1
32
0
0
0
1
16
0
0
0
1
0
0
0
0
1
0
0
0
0
0
240
0
0
0
0
224
0
0
0
0
224
0
0
0
0
208
0
0
0
0
192
0
0
0
0
192
0
0
0
0
176
0
0
0
0
176
0
0
0
0
160
0
0
0
0
160
0
0
0
0
160
0
0
0
0
144
0
0
0
0
144
0
0
0
0
128
0
0
0
0
128
0
0
0
0
128
0
0
0
0
112
0
0
0
0
112
0
0
0
0
112
0
0
0
0
96
0
0
0
0
96
0
0
0
0
96
0
0
0
0
80
0
0
0
0
80
0
0
0
0
80
0
0
0
0
80
0
0
0
0
80
0
0
0
0
64
0
0
0
0
64
0
0
0
0
64
0
0
0
0
64
0
0
0
0
64
0
0
0
0
48
0
0
0
0
48
0
0
0
0
48
0
0
0
0
48
0
0
0
0
48
0
0
0
0
48
0
0
0
0
48
0
0
0
0
32
0
0
0
0
32
0
0
0
0
32
0
0
0
0
32
0
0
0
0
32
0
0
0
0
32
0
0
0
0
32
0
0
0
0
32
0
0
0
0
32
0
0
0
0
16
0
0
0
0
16
0
0
0
0
16
0
0
0
0
16
0
0
0
0
16
0
0
0
0
16
0
0
0
0
16
0
0
0
0
16
0
0
0
0
16
0
0
0
0
16
0
0
0
0
16
0
0
0
0
16
0
0
0
0
16
0
0
0
0
16
0
0
0
0
16
0
0
0
0
16
0
0
0
0
16
0
0
0
0
0
0
0
0
0
0
0
0
0
0
0
0
0
0
0
0
0
0
0
0
0
0
0
0
0
0
0
0
/*end contains*/
/*vtable Start*/
1
2 /*vtable,n_vtbl,def_vtype(0:no used)*/
80 /*for n_vtbl*/
0
0 /*Min Table index in evtbl*/
2 /*vtable End*/
176 /*error table entry*/
0
64
0
0
0
0
0
0
0
0
0
0
0
0
0
0
0
0
0
0
0
0
0
0
0
0
0
0
0
0
0
0
0
0
0
0
0
0
0
0
0
0
0
0
0
0
0
0
0
0
0
0
0
0
0
0
0
0
0
0
0
0
0
0
0
0
0
1
1
0
0
0
1
1
0
0
1
0
0
0
0
0
1
1
1
0
1
1
2
2
2
1
1
0
2
0
2
0
1
2
3
0
1
1
2
2
2
1
1
0
4
3
2
0
4
2
6
4
1
5
2
6
2
6
1
5
9
3
7
0
4
8
12
4
8
12
2
6
10
14
1
5
9
13
17
0
4
8
12
16
20
24
2
6
10
14
18
22
26
30
34
0
4
8
12
16
20
24
28
32
36
40
44
48
52
56
60
0
/*end of table=2 1280x720p */
/*loop4 for n_tbl*/
223 /*n_entry*/
0 /*tblidx_min*/
0x40 /*sensorMode of this tbl*/
0 /*expidx0_tvscale*/
16 /*exp_tvscale*/
1 /*n_burst_tbl*/
0x35
0x00
0
0x35
0x01
0
0x35
0x02
0
0x35
0x0C
0
0x35
0x0D
0
223 /*n_entry_burst*/
5 /*nbyte_entry*/
0 /*burstidx_min*/
5 /*nreg_involved*/
0 /*reg# in template*/
0 /*lsb right shift*/
16  /*lsb left shift*/
8 /*nbit_mask*/
1 /*reg1 in template*/
8 /*lsb right shift*/
16 /*lsb left shift*/
8 /*nbit_mask*/
2 /*reg2 in template*/
16 /*lsb right shift*/
16 /*lsb left shift*/
8 /*nbit_mask*/
3 /*reg3 in template*/
24 /*lsb right shift*/
16 /*lsb left shift*/
8 /*nbit_mask*/
4 /*reg4 in template*/
32 /*lsb right shift*/
16 /*lsb left shift*/
8 /*nbit_mask*/
/*contains for n_entry_burst*/
0
164
96
33
246
0
164
96
32
22
0
164
96
30
73
0
164
96
28
145
0
164
96
26
235
0
164
96
25
87
0
164
96
23
212
0
164
96
22
98
0
164
96
20
255
0
164
96
19
171
0
164
96
18
102
0
164
96
17
47
0
164
96
16
4
0
164
96
14
231
0
164
96
13
213
0
164
96
12
207
0
164
96
11
212
0
164
96
10
228
0
164
96
9
254
0
164
96
9
34
0
164
96
8
79
0
164
96
7
133
0
164
96
6
195
0
164
96
6
10
0
164
96
5
89
0
164
96
4
175
0
164
96
4
12
0
164
96
3
113
0
164
96
2
219
0
164
96
2
77
0
164
96
1
196
0
164
96
1
65
0
164
96
0
195
0
164
96
0
75
0
162
80
0
0
0
155
112
0
0
0
148
224
0
0
0
142
144
0
0
0
136
128
0
0
0
130
176
0
0
0
125
48
0
0
0
119
224
0
0
0
114
192
0
0
0
109
240
0
0
0
105
64
0
0
0
100
208
0
0
0
96
128
0
0
0
92
112
0
0
0
88
128
0
0
0
84
192
0
0
0
81
32
0
0
0
77
176
0
0
0
74
112
0
0
0
71
64
0
0
0
68
64
0
0
0
65
80
0
0
0
62
144
0
0
0
59
240
0
0
0
57
96
0
0
0
54
240
0
0
0
52
160
0
0
0
50
96
0
0
0
48
64
0
0
0
46
48
0
0
0
44
64
0
0
0
42
96
0
0
0
40
144
0
0
0
38
208
0
0
0
37
48
0
0
0
35
160
0
0
0
34
32
0
0
0
32
176
0
0
0
31
64
0
0
0
29
240
0
0
0
28
176
0
0
0
27
112
0
0
0
26
80
0
0
0
25
48
0
0
0
24
32
0
0
0
23
16
0
0
0
22
32
0
0
0
21
48
0
0
0
20
64
0
0
0
19
112
0
0
0
18
144
0
0
0
17
208
0
0
0
17
16
0
0
0
16
80
0
0
0
15
160
0
0
0
14
240
0
0
0
14
80
0
0
0
13
176
0
0
0
13
32
0
0
0
12
144
0
0
0
12
16
0
0
0
11
128
0
0
0
11
16
0
0
0
10
144
0
0
0
10
32
0
0
0
9
176
0
0
0
9
64
0
0
0
8
224
0
0
0
8
128
0
0
0
8
32
0
0
0
7
208
0
0
0
7
112
0
0
0
7
32
0
0
0
6
224
0
0
0
6
144
0
0
0
6
64
0
0
0
6
0
0
0
0
5
192
0
0
0
5
128
0
0
0
5
64
0
0
0
5
16
0
0
0
4
208
0
0
0
4
160
0
0
0
4
112
0
0
0
4
64
0
0
0
4
16
0
0
0
3
224
0
0
0
3
192
0
0
0
3
144
0
0
0
3
112
0
0
0
3
64
0
0
0
3
32
0
0
0
3
0
0
0
0
2
224
0
0
0
2
192
0
0
0
2
160
0
0
0
2
128
0
0
0
2
96
0
0
0
2
80
0
0
0
2
48
0
0
0
2
32
0
0
0
2
0
0
0
0
1
240
0
0
0
1
224
0
0
0
1
192
0
0
0
1
176
0
0
0
1
160
0
0
0
1
144
0
0
0
1
128
0
0
0
1
112
0
0
0
1
96
0
0
0
1
80
0
0
0
1
64
0
0
0
1
48
0
0
0
1
32
0
0
0
1
16
0
0
0
1
16
0
0
0
1
0
0
0
0
0
240
0
0
0
0
240
0
0
0
0
224
0
0
0
0
208
0
0
0
0
208
0
0
0
0
192
0
0
0
0
192
0
0
0
0
176
0
0
0
0
176
0
0
0
0
160
0
0
0
0
160
0
0
0
0
144
0
0
0
0
144
0
0
0
0
128
0
0
0
0
128
0
0
0
0
128
0
0
0
0
112
0
0
0
0
112
0
0
0
0
112
0
0
0
0
96
0
0
0
0
96
0
0
0
0
96
0
0
0
0
96
0
0
0
0
80
0
0
0
0
80
0
0
0
0
80
0
0
0
0
80
0
0
0
0
64
0
0
0
0
64
0
0
0
0
64
0
0
0
0
64
0
0
0
0
64
0
0
0
0
48
0
0
0
0
48
0
0
0
0
48
0
0
0
0
48
0
0
0
0
48
0
0
0
0
48
0
0
0
0
48
0
0
0
0
32
0
0
0
0
32
0
0
0
0
32
0
0
0
0
32
0
0
0
0
32
0
0
0
0
32
0
0
0
0
32
0
0
0
0
32
0
0
0
0
32
0
0
0
0
32
0
0
0
0
16
0
0
0
0
16
0
0
0
0
16
0
0
0
0
16
0
0
0
0
16
0
0
0
0
16
0
0
0
0
16
0
0
0
0
16
0
0
0
0
16
0
0
0
0
16
0
0
0
0
16
0
0
0
0
16
0
0
0
0
16
0
0
0
0
16
0
0
0
0
16
0
0
0
0
16
0
0
0
0
0
0
0
0
0
0
0
0
0
0
0
0
0
0
0
0
0
0
0
0
0
0
0
0
0
0
0
0
/*end contains*/
/*vtable Start*/
1
2 /*vtable,n_vtbl,def_vtype(0:no used)*/
135 /*loop4 for n_vtbl*/
0
0 /*etable,n_eidx,emin,escale in evtbl*/
/*vtable End*/
/*error table Start*/
2
223
0
64
0
0
0
0
0
0
0
0
0
0
0
0
0
0
0
0
0
0
0
0
0
0
0
0
0
0
0
0
0
0
0
0
0
0
0
0
0
0
0
0
0
0
0
0
0
0
0
0
0
0
0
0
0
0
0
0
0
0
0
0
0
0
0
0
0
0
0
0
0
0
0
0
0
0
0
0
0
0
0
0
0
0
0
0
0
0
0
0
0
0
0
0
0
0
0
0
0
0
0
0
0
0
0
0
0
0
1
0
0
0
0
1
1
0
1
0
0
1
0
1
0
0
1
1
0
1
1
1
1
1
1
0
1
2
0
1
1
1
1
1
0
2
1
3
1
2
1
2
3
3
0
1
1
1
1
1
0
4
4
3
1
5
4
2
6
3
0
4
1
5
1
5
0
4
8
3
7
11
4
8
12
3
7
11
1
5
9
13
0
4
8
12
16
20
4
8
12
16
20
24
1
5
9
13
17
21
25
29
33
37
4
8
12
16
20
24
28
32
36
40
44
48
52
/*end loop4*/
/*loop 5 for n_tbl*/
223 /*n_entry*/
0 /*tblidx_min*/
0x41 /*sensorMode of this tbl*/
0 /*expidx0_tvscale*/
16 /*exp_tvscale*/
1 /*n_burst_tbl*/
0x35
0x00
0
0x35
0x01
0
0x35
0x02
0
0x35
0x0C
0
0x35
0x0D
0
223 /*n_entry_burst*/
5 /*nbyte_entry*/
0 /*burstidx_min*/
5 /*nreg_involved*/
0 /*reg# in template*/
0 /*lsb right shift*/
16  /*lsb left shift*/
8 /*nbit_mask*/
1 /*reg1 in template*/
8 /*lsb right shift*/
16 /*lsb left shift*/
8 /*nbit_mask*/
2 /*reg2 in template*/
16 /*lsb right shift*/
16 /*lsb left shift*/
8 /*nbit_mask*/
3 /*reg3 in template*/
24 /*lsb right shift*/
16 /*lsb left shift*/
8 /*nbit_mask*/
4 /*reg4 in template*/
32 /*lsb right shift*/
16 /*lsb left shift*/
8 /*nbit_mask*/
/*contains for n_entry_burst*/
2
196
56
33
246
2
166
49
32
22
2
137
112
30
73
2
109
231
28
145
2
83
138
26
235
2
58
74
25
87
2
34
28
23
212
2
10
245
22
98
1
244
201
20
255
1
223
142
19
171
1
203
57
18
102
1
183
193
17
47
1
165
28
16
4
1
147
65
14
231
1
130
41
13
213
1
113
202
12
207
1
98
28
11
212
1
83
25
10
228
1
68
184
9
254
1
54
244
9
34
1
41
197
8
79
1
29
37
7
133
1
17
14
6
195
1
5
123
6
10
0
250
101
5
89
0
239
199
4
175
0
229
157
4
12
0
219
225
3
113
0
210
142
2
219
0
201
161
2
77
0
193
21
1
196
0
184
229
1
65
0
177
14
0
195
0
169
141
0
75
0
162
92
0
0
0
155
122
0
0
0
148
227
0
0
0
142
147
0
0
0
136
135
0
0
0
130
190
0
0
0
125
51
0
0
0
119
228
0
0
0
114
207
0
0
0
109
241
0
0
0
105
71
0
0
0
100
209
0
0
0
96
139
0
0
0
92
115
0
0
0
88
135
0
0
0
84
199
0
0
0
81
46
0
0
0
77
189
0
0
0
74
114
0
0
0
71
74
0
0
0
68
68
0
0
0
65
95
0
0
0
62
154
0
0
0
59
242
0
0
0
57
104
0
0
0
54
249
0
0
0
52
164
0
0
0
50
105
0
0
0
48
70
0
0
0
46
58
0
0
0
44
68
0
0
0
42
100
0
0
0
40
151
0
0
0
38
223
0
0
0
37
57
0
0
0
35
165
0
0
0
34
34
0
0
0
32
176
0
0
0
31
77
0
0
0
29
249
0
0
0
28
180
0
0
0
27
125
0
0
0
26
82
0
0
0
25
53
0
0
0
24
35
0
0
0
23
29
0
0
0
22
34
0
0
0
21
50
0
0
0
20
76
0
0
0
19
112
0
0
0
18
157
0
0
0
17
211
0
0
0
17
17
0
0
0
16
88
0
0
0
15
167
0
0
0
14
253
0
0
0
14
90
0
0
0
13
191
0
0
0
13
41
0
0
0
12
155
0
0
0
12
18
0
0
0
11
143
0
0
0
11
17
0
0
0
10
153
0
0
0
10
38
0
0
0
9
184
0
0
0
9
79
0
0
0
8
234
0
0
0
8
137
0
0
0
8
44
0
0
0
7
212
0
0
0
7
127
0
0
0
7
45
0
0
0
6
224
0
0
0
6
149
0
0
0
6
78
0
0
0
6
9
0
0
0
5
200
0
0
0
5
137
0
0
0
5
77
0
0
0
5
19
0
0
0
4
220
0
0
0
4
168
0
0
0
4
117
0
0
0
4
69
0
0
0
4
22
0
0
0
3
234
0
0
0
3
192
0
0
0
3
151
0
0
0
3
112
0
0
0
3
75
0
0
0
3
39
0
0
0
3
5
0
0
0
2
228
0
0
0
2
197
0
0
0
2
167
0
0
0
2
138
0
0
0
2
110
0
0
0
2
84
0
0
0
2
59
0
0
0
2
35
0
0
0
2
11
0
0
0
1
245
0
0
0
1
224
0
0
0
1
204
0
0
0
1
184
0
0
0
1
166
0
0
0
1
148
0
0
0
1
131
0
0
0
1
114
0
0
0
1
99
0
0
0
1
84
0
0
0
1
69
0
0
0
1
55
0
0
0
1
42
0
0
0
1
30
0
0
0
1
18
0
0
0
1
6
0
0
0
0
251
0
0
0
0
240
0
0
0
0
230
0
0
0
0
220
0
0
0
0
211
0
0
0
0
202
0
0
0
0
194
0
0
0
0
185
0
0
0
0
178
0
0
0
0
170
0
0
0
0
163
0
0
0
0
156
0
0
0
0
149
0
0
0
0
143
0
0
0
0
137
0
0
0
0
131
0
0
0
0
126
0
0
0
0
120
0
0
0
0
115
0
0
0
0
110
0
0
0
0
106
0
0
0
0
101
0
0
0
0
97
0
0
0
0
93
0
0
0
0
89
0
0
0
0
85
0
0
0
0
82
0
0
0
0
78
0
0
0
0
75
0
0
0
0
72
0
0
0
0
69
0
0
0
0
66
0
0
0
0
63
0
0
0
0
60
0
0
0
0
58
0
0
0
0
55
0
0
0
0
53
0
0
0
0
51
0
0
0
0
49
0
0
0
0
47
0
0
0
0
45
0
0
0
0
43
0
0
0
0
41
0
0
0
0
39
0
0
0
0
38
0
0
0
0
36
0
0
0
0
35
0
0
0
0
33
0
0
0
0
32
0
0
0
0
30
0
0
0
0
29
0
0
0
0
28
0
0
0
0
27
0
0
0
0
26
0
0
0
0
25
0
0
0
0
24
0
0
0
0
23
0
0
0
0
22
0
0
0
0
21
0
0
0
0
20
0
0
0
0
19
0
0
0
0
18
0
0
0
0
18
0
0
0
0
17
0
0
0
0
16
0
0
0
0
15
0
0
0
0
15
0
0
0
0
14
0
0
0
0
14
0
0
0
0
13
0
0
0
0
13
0
0
/*end contains*/
/*vtable Start*/
1
2 /*vtable,n_vtbl,def_vtype(0:no used)*/
135 /*loop4 for n_vtbl*/
0
0 /*etable,n_eidx,emin,escale in evtbl*/
/*vtable End*/
/*error table Start*/
2
223
0
64
0
0
0
0
0
0
0
0
0
0
0
0
0
0
0
0
0
0
0
0
0
0
0
0
0
0
0
0
0
0
0
0
0
0
0
0
0
0
0
0
0
0
0
0
0
0
0
0
0
0
0
0
0
0
0
0
0
0
0
0
0
0
0
0
0
0
0
0
0
0
0
0
0
0
0
0
0
0
0
0
0
0
0
0
0
0
0
0
0
0
0
0
0
0
0
0
0
0
0
0
0
0
0
0
0
0
1
0
0
0
0
1
1
0
1
0
0
1
0
1
0
0
1
1
0
1
1
1
1
1
1
0
1
2
0
1
1
1
1
1
0
2
1
3
1
2
1
2
3
3
0
1
1
1
1
1
0
4
4
3
1
5
4
2
6
3
0
4
1
5
1
5
0
4
8
3
7
11
4
8
12
3
7
11
1
5
9
13
0
4
8
12
16
20
4
8
12
16
20
24
1
5
9
13
17
21
25
29
33
37
4
8
12
16
20
24
28
32
36
40
44
48
52
/*end loop4*/