3 /*n_tbl*/
5 /*nreg*/
/* table =1 872x654*/
176 /*n_entry*/
0 /*tblidx_min*/
0x30 /*sensorMode of this tbl*/
63 /*expidx0_tvscale*/
16 /*exp_tvscale*/
1 /*n_burst_tbl*/
0x35
0x00
0
0x35
0x01
0
0x35
0x02
0
0x35
0x0C
0
0x35
0x0D
0
/*loop1 for n_burst_tbl*/
176 /*n_entry_burst*/
5 /*nbyte_entry*/
0 /*burstidx_min*/
5 /*nreg_involved*/
0 /*reg# in template*/
0 /*lsb right shift*/
16  /*lsb left shift*/
8 /*nbit_mask*/
1 /*reg1 in template*/
8 /*lsb right shift*/
16 /*lsb left shift*/
8 /*nbit_mask*/
2 /*reg2 in template*/
16 /*lsb right shift*/
16 /*lsb left shift*/
8 /*nbit_mask*/
3 /*reg3 in template*/
24 /*lsb right shift*/
16 /*lsb left shift*/
8 /*nbit_mask*/
4 /*reg4 in template*/
32 /*lsb right shift*/
16 /*lsb left shift*/
8 /*nbit_mask*/
/*loop0 ends*/
/*contains for n_entry_burst*/
0
79
54
2
80
0
75
218
2
26
0
72
163
1
231
0
69
142
1
181
0
66
155
1
134
0
63
201
1
89
0
61
20
1
46
0
58
125
1
4
0
56
3
0
221
0
53
163
0
183
0
51
93
0
146
0
49
47
0
111
0
47
25
0
78
0
45
26
0
46
0
43
49
0
16
0
41
92
0
0
0
39
155
0
0
0
37
237
0
0
0
36
82
0
0
0
34
199
0
0
0
33
78
0
0
0
31
229
0
0
0
30
138
0
0
0
29
63
0
0
0
28
2
0
0
0
26
210
0
0
0
25
175
0
0
0
24
152
0
0
0
23
141
0
0
0
22
141
0
0
0
21
153
0
0
0
20
174
0
0
0
19
206
0
0
0
18
247
0
0
0
18
41
0
0
0
17
100
0
0
0
16
167
0
0
0
15
243
0
0
0
15
69
0
0
0
14
160
0
0
0
14
1
0
0
0
13
105
0
0
0
12
216
0
0
0
12
76
0
0
0
11
199
0
0
0
11
71
0
0
0
10
205
0
0
0
10
87
0
0
0
9
231
0
0
0
9
124
0
0
0
9
21
0
0
0
8
178
0
0
0
8
84
0
0
0
7
250
0
0
0
7
163
0
0
0
7
80
0
0
0
7
1
0
0
0
6
181
0
0
0
6
108
0
0
0
6
38
0
0
0
5
228
0
0
0
5
164
0
0
0
5
103
0
0
0
5
44
0
0
0
4
244
0
0
0
4
190
0
0
0
4
139
0
0
0
4
89
0
0
0
4
42
0
0
0
3
253
0
0
0
3
210
0
0
0
3
168
0
0
0
3
129
0
0
0
3
91
0
0
0
3
54
0
0
0
3
19
0
0
0
2
242
0
0
0
2
210
0
0
0
2
180
0
0
0
2
150
0
0
0
2
122
0
0
0
2
95
0
0
0
2
70
0
0
0
2
45
0
0
0
2
21
0
0
0
1
255
0
0
0
1
233
0
0
0
1
212
0
0
0
1
193
0
0
0
1
174
0
0
0
1
155
0
0
0
1
138
0
0
0
1
121
0
0
0
1
105
0
0
0
1
90
0
0
0
1
75
0
0
0
1
61
0
0
0
1
48
0
0
0
1
35
0
0
0
1
23
0
0
0
1
11
0
0
0
1
0
0
0
0
0
245
0
0
0
0
234
0
0
0
0
225
0
0
0
0
215
0
0
0
0
206
0
0
0
0
197
0
0
0
0
189
0
0
0
0
181
0
0
0
0
173
0
0
0
0
166
0
0
0
0
159
0
0
0
0
152
0
0
0
0
146
0
0
0
0
140
0
0
0
0
134
0
0
0
0
128
0
0
0
0
123
0
0
0
0
117
0
0
0
0
113
0
0
0
0
108
0
0
0
0
103
0
0
0
0
99
0
0
0
0
95
0
0
0
0
91
0
0
0
0
87
0
0
0
0
83
0
0
0
0
80
0
0
0
0
76
0
0
0
0
73
0
0
0
0
70
0
0
0
0
67
0
0
0
0
64
0
0
0
0
62
0
0
0
0
59
0
0
0
0
57
0
0
0
0
54
0
0
0
0
52
0
0
0
0
50
0
0
0
0
48
0
0
0
0
46
0
0
0
0
44
0
0
0
0
42
0
0
0
0
40
0
0
0
0
38
0
0
0
0
37
0
0
0
0
35
0
0
0
0
34
0
0
0
0
32
0
0
0
0
31
0
0
0
0
30
0
0
0
0
29
0
0
0
0
27
0
0
0
0
26
0
0
0
0
25
0
0
0
0
24
0
0
0
0
23
0
0
0
0
22
0
0
0
0
21
0
0
0
0
20
0
0
0
0
19
0
0
0
0
19
0
0
0
0
18
0
0
0
0
17
0
0
0
0
16
0
0
0
0
16
0
0
0
0
15
0
0
0
0
15
0
0
0
0
14
0
0
0
0
13
0
0
0
0
13
0
0
0
0
12
0
0
0
0
12
0
0
0
0
11
0
0
0
0
11
0
0
/*end contains*/
/*vtable Start*/
1
2 /*vtable,n_vtbl,def_vtype(0:no used)*/
80 /*for n_vtbl*/
0
0 /*Min Table index in evtbl*/
2 /*vtable End*/
176 /*error table entry*/
0
64
0
0
0
0
0
0
0
0
0
0
0
0
0
0
0
0
0
0
0
0
0
0
0
0
0
0
0
0
0
0
0
0
0
0
0
0
0
0
0
0
0
0
0
0
0
0
0
0
0
0
0
0
0
0
0
0
0
0
0
0
0
0
0
0
0
1
1
0
0
0
1
1
0
0
1
0
0
0
0
0
1
1
1
0
1
1
2
2
2
1
1
0
2
0
2
0
1
2
3
0
1
1
2
2
2
1
1
0
4
3
2
0
4
2
6
4
1
5
2
6
2
6
1
5
9
3
7
0
4
8
12
4
8
12
2
6
10
14
1
5
9
13
17
0
4
8
12
16
20
24
2
6
10
14
18
22
26
30
34
0
4
8
12
16
20
24
28
32
36
40
44
48
52
56
60
0
/*end of table=1 872x654p */
/*start table=2 1280x720p */
176 /*n_entry*/
0 /*tblidx_min*/
0x31 /*sensorMode of this tbl*/
63 /*expidx0_tvscale*/
16 /*exp_tvscale*/
1 /*n_burst_tbl*/
0x35
0x00
0
0x35
0x01
0
0x35
0x02
0
0x35
0x0C
0
0x35
0x0D
0
/*loop1 for n_burst_tbl*/
176 /*n_entry_burst*/
5 /*nbyte_entry*/
0 /*burstidx_min*/
5 /*nreg_involved*/
0 /*reg# in template*/
0 /*lsb right shift*/
16  /*lsb left shift*/
8 /*nbit_mask*/
1 /*reg1 in template*/
8 /*lsb right shift*/
16 /*lsb left shift*/
8 /*nbit_mask*/
2 /*reg2 in template*/
16 /*lsb right shift*/
16 /*lsb left shift*/
8 /*nbit_mask*/
3 /*reg3 in template*/
24 /*lsb right shift*/
16 /*lsb left shift*/
8 /*nbit_mask*/
4 /*reg4 in template*/
32 /*lsb right shift*/
16 /*lsb left shift*/
8 /*nbit_mask*/
/*loop0 ends*/
/*contains for n_entry_burst*/
0
93
199
2
220
0
89
205
2
156
0
85
254
2
95
0
82
89
2
38
0
78
219
1
238
0
75
131
1
185
0
72
80
1
133
0
69
63
1
84
0
66
80
1
37
0
63
128
0
248
0
60
207
0
205
0
58
59
0
164
0
55
195
0
125
0
53
102
0
87
0
51
34
0
51
0
48
247
0
16
0
46
228
0
0
0
44
231
0
0
0
42
255
0
0
0
41
45
0
0
0
39
110
0
0
0
37
194
0
0
0
36
40
0
0
0
34
160
0
0
0
33
40
0
0
0
31
192
0
0
0
30
104
0
0
0
29
30
0
0
0
27
226
0
0
0
26
179
0
0
0
25
145
0
0
0
24
124
0
0
0
23
114
0
0
0
22
116
0
0
0
21
128
0
0
0
20
151
0
0
0
19
183
0
0
0
18
225
0
0
0
18
20
0
0
0
17
80
0
0
0
16
148
0
0
0
15
224
0
0
0
15
52
0
0
0
14
143
0
0
0
13
241
0
0
0
13
90
0
0
0
12
201
0
0
0
12
62
0
0
0
11
185
0
0
0
11
58
0
0
0
10
192
0
0
0
10
76
0
0
0
9
220
0
0
0
9
113
0
0
0
9
10
0
0
0
8
168
0
0
0
8
74
0
0
0
7
240
0
0
0
7
154
0
0
0
7
72
0
0
0
6
249
0
0
0
6
173
0
0
0
6
101
0
0
0
6
31
0
0
0
5
221
0
0
0
5
157
0
0
0
5
96
0
0
0
5
38
0
0
0
4
238
0
0
0
4
185
0
0
0
4
133
0
0
0
4
84
0
0
0
4
37
0
0
0
3
248
0
0
0
3
205
0
0
0
3
164
0
0
0
3
125
0
0
0
3
87
0
0
0
3
51
0
0
0
3
16
0
0
0
2
239
0
0
0
2
207
0
0
0
2
176
0
0
0
2
147
0
0
0
2
119
0
0
0
2
93
0
0
0
2
67
0
0
0
2
42
0
0
0
2
19
0
0
0
1
252
0
0
0
1
231
0
0
0
1
210
0
0
0
1
191
0
0
0
1
172
0
0
0
1
154
0
0
0
1
136
0
0
0
1
120
0
0
0
1
104
0
0
0
1
88
0
0
0
1
74
0
0
0
1
60
0
0
0
1
47
0
0
0
1
34
0
0
0
1
21
0
0
0
1
10
0
0
0
0
254
0
0
0
0
244
0
0
0
0
233
0
0
0
0
224
0
0
0
0
214
0
0
0
0
205
0
0
0
0
196
0
0
0
0
188
0
0
0
0
180
0
0
0
0
172
0
0
0
0
165
0
0
0
0
158
0
0
0
0
152
0
0
0
0
145
0
0
0
0
139
0
0
0
0
133
0
0
0
0
127
0
0
0
0
122
0
0
0
0
117
0
0
0
0
112
0
0
0
0
107
0
0
0
0
103
0
0
0
0
98
0
0
0
0
94
0
0
0
0
90
0
0
0
0
86
0
0
0
0
83
0
0
0
0
79
0
0
0
0
76
0
0
0
0
73
0
0
0
0
70
0
0
0
0
67
0
0
0
0
64
0
0
0
0
61
0
0
0
0
59
0
0
0
0
56
0
0
0
0
54
0
0
0
0
52
0
0
0
0
49
0
0
0
0
47
0
0
0
0
45
0
0
0
0
43
0
0
0
0
42
0
0
0
0
40
0
0
0
0
38
0
0
0
0
37
0
0
0
0
35
0
0
0
0
34
0
0
0
0
32
0
0
0
0
31
0
0
0
0
30
0
0
0
0
28
0
0
0
0
27
0
0
0
0
26
0
0
0
0
25
0
0
0
0
24
0
0
0
0
23
0
0
0
0
22
0
0
0
0
21
0
0
0
0
20
0
0
0
0
19
0
0
0
0
19
0
0
0
0
18
0
0
0
0
17
0
0
0
0
16
0
0
0
0
16
0
0
0
0
15
0
0
0
0
14
0
0
0
0
14
0
0
0
0
13
0
0
0
0
13
0
0
/*end contains*/
/*vtable Start*/
1
2 /*vtable,n_vtbl,def_vtype(0:no used)*/
80 /*for n_vtbl*/
0
0 /*Min Table index in evtbl*/
2 /*vtable End*/
176 /*error table entry*/
0
64
0
0
0
0
0
0
0
0
0
0
0
0
0
0
0
0
0
0
0
0
0
0
0
0
0
0
0
0
0
0
0
0
0
0
0
0
0
0
0
0
0
0
0
0
0
0
0
0
0
0
0
0
0
0
0
0
0
0
0
0
0
0
0
0
0
1
1
0
0
0
1
1
0
0
1
0
0
0
0
0
1
1
1
0
1
1
2
2
2
1
1
0
2
0
2
0
1
2
3
0
1
1
2
2
2
1
1
0
4
3
2
0
4
2
6
4
1
5
2
6
2
6
1
5
9
3
7
0
4
8
12
4
8
12
2
6
10
14
1
5
9
13
17
0
4
8
12
16
20
24
2
6
10
14
18
22
26
30
34
0
4
8
12
16
20
24
28
32
36
40
44
48
52
56
60
0
/*end of table=2 1280x720p */
/*loop4 for n_tbl*/
223 /*n_entry*/
0 /*tblidx_min*/
0x40 /*sensorMode of this tbl*/
0 /*expidx0_tvscale*/
16 /*exp_tvscale*/
1 /*n_burst_tbl*/
0x35
0x00
0
0x35
0x01
0
0x35
0x02
0
0x35
0x0C
0
0x35
0x0D
0
223 /*n_entry_burst*/
5 /*nbyte_entry*/
0 /*burstidx_min*/
5 /*nreg_involved*/
0 /*reg# in template*/
0 /*lsb right shift*/
16  /*lsb left shift*/
8 /*nbit_mask*/
1 /*reg1 in template*/
8 /*lsb right shift*/
16 /*lsb left shift*/
8 /*nbit_mask*/
2 /*reg2 in template*/
16 /*lsb right shift*/
16 /*lsb left shift*/
8 /*nbit_mask*/
3 /*reg3 in template*/
24 /*lsb right shift*/
16 /*lsb left shift*/
8 /*nbit_mask*/
4 /*reg4 in template*/
32 /*lsb right shift*/
16 /*lsb left shift*/
8 /*nbit_mask*/
/*contains for n_entry_burst*/
0
164
96
33
246
0
164
96
32
22
0
164
96
30
73
0
164
96
28
145
0
164
96
26
235
0
164
96
25
87
0
164
96
23
212
0
164
96
22
98
0
164
96
20
255
0
164
96
19
171
0
164
96
18
102
0
164
96
17
47
0
164
96
16
4
0
164
96
14
231
0
164
96
13
213
0
164
96
12
207
0
164
96
11
212
0
164
96
10
228
0
164
96
9
254
0
164
96
9
34
0
164
96
8
79
0
164
96
7
133
0
164
96
6
195
0
164
96
6
10
0
164
96
5
89
0
164
96
4
175
0
164
96
4
12
0
164
96
3
113
0
164
96
2
219
0
164
96
2
77
0
164
96
1
196
0
164
96
1
65
0
164
96
0
0/*195 */
0
164
96
0
0/*75*/
0
162
92
0
0
0
155
122
0
0
0
148
227
0
0
0
142
147
0
0
0
136
135
0
0
0
130
190
0
0
0
125
51
0
0
0
119
228
0
0
0
114
207
0
0
0
109
241
0
0
0
105
71
0
0
0
100
209
0
0
0
96
139
0
0
0
92
115
0
0
0
88
135
0
0
0
84
199
0
0
0
81
46
0
0
0
77
189
0
0
0
74
114
0
0
0
71
74
0
0
0
68
68
0
0
0
65
95
0
0
0
62
154
0
0
0
59
242
0
0
0
57
104
0
0
0
54
249
0
0
0
52
164
0
0
0
50
105
0
0
0
48
70
0
0
0
46
58
0
0
0
44
68
0
0
0
42
100
0
0
0
40
151
0
0
0
38
223
0
0
0
37
57
0
0
0
35
165
0
0
0
34
34
0
0
0
32
176
0
0
0
31
77
0
0
0
29
249
0
0
0
28
180
0
0
0
27
125
0
0
0
26
82
0
0
0
25
53
0
0
0
24
35
0
0
0
23
29
0
0
0
22
34
0
0
0
21
50
0
0
0
20
76
0
0
0
19
112
0
0
0
18
157
0
0
0
17
211
0
0
0
17
17
0
0
0
16
88
0
0
0
15
167
0
0
0
14
253
0
0
0
14
90
0
0
0
13
191
0
0
0
13
41
0
0
0
12
155
0
0
0
12
18
0
0
0
11
143
0
0
0
11
17
0
0
0
10
153
0
0
0
10
38
0
0
0
9
184
0
0
0
9
79
0
0
0
8
234
0
0
0
8
137
0
0
0
8
44
0
0
0
7
212
0
0
0
7
127
0
0
0
7
45
0
0
0
6
224
0
0
0
6
149
0
0
0
6
78
0
0
0
6
9
0
0
0
5
200
0
0
0
5
137
0
0
0
5
77
0
0
0
5
19
0
0
0
4
220
0
0
0
4
168
0
0
0
4
117
0
0
0
4
69
0
0
0
4
22
0
0
0
3
234
0
0
0
3
192
0
0
0
3
151
0
0
0
3
112
0
0
0
3
75
0
0
0
3
39
0
0
0
3
5
0
0
0
2
228
0
0
0
2
197
0
0
0
2
167
0
0
0
2
138
0
0
0
2
110
0
0
0
2
84
0
0
0
2
59
0
0
0
2
35
0
0
0
2
11
0
0
0
1
245
0
0
0
1
224
0
0
0
1
204
0
0
0
1
184
0
0
0
1
166
0
0
0
1
148
0
0
0
1
131
0
0
0
1
114
0
0
0
1
99
0
0
0
1
84
0
0
0
1
69
0
0
0
1
55
0
0
0
1
42
0
0
0
1
30
0
0
0
1
18
0
0
0
1
6
0
0
0
0
251
0
0
0
0
240
0
0
0
0
230
0
0
0
0
220
0
0
0
0
211
0
0
0
0
202
0
0
0
0
194
0
0
0
0
185
0
0
0
0
178
0
0
0
0
170
0
0
0
0
163
0
0
0
0
156
0
0
0
0
149
0
0
0
0
143
0
0
0
0
137
0
0
0
0
131
0
0
0
0
126
0
0
0
0
120
0
0
0
0
115
0
0
0
0
110
0
0
0
0
106
0
0
0
0
101
0
0
0
0
97
0
0
0
0
93
0
0
0
0
89
0
0
0
0
85
0
0
0
0
82
0
0
0
0
78
0
0
0
0
75
0
0
0
0
72
0
0
0
0
69
0
0
0
0
66
0
0
0
0
63
0
0
0
0
60
0
0
0
0
58
0
0
0
0
55
0
0
0
0
53
0
0
0
0
51
0
0
0
0
49
0
0
0
0
47
0
0
0
0
45
0
0
0
0
43
0
0
0
0
41
0
0
0
0
39
0
0
0
0
38
0
0
0
0
36
0
0
0
0
35
0
0
0
0
33
0
0
0
0
32
0
0
0
0
30
0
0
0
0
29
0
0
0
0
28
0
0
0
0
27
0
0
0
0
26
0
0
0
0
25
0
0
0
0
24
0
0
0
0
23
0
0
0
0
22
0
0
0
0
21
0
0
0
0
20
0
0
0
0
19
0
0
0
0
18
0
0
0
0
18
0
0
0
0
17
0
0
0
0
16
0
0
0
0
15
0
0
0
0
15
0
0
0
0
14
0
0
0
0
14
0
0
0
0
13
0
0
0
0
13
0
0
/*end contains*/
/*vtable Start*/
1
2 /*vtable,n_vtbl,def_vtype(0:no used)*/
135 /*loop4 for n_vtbl*/
0
0 /*etable,n_eidx,emin,escale in evtbl*/
/*vtable End*/
/*error table Start*/
2
223
0
64
0
0
0
0
0
0
0
0
0
0
0
0
0
0
0
0
0
0
0
0
0
0
0
0
0
0
0
0
0
0
0
0
0
0
0
0
0
0
0
0
0
0
0
0
0
0
0
0
0
0
0
0
0
0
0
0
0
0
0
0
0
0
0
0
0
0
0
0
0
0
0
0
0
0
0
0
0
0
0
0
0
0
0
0
0
0
0
0
0
0
0
0
0
0
0
0
0
0
0
0
0
0
0
0
0
0
1
0
0
0
0
1
1
0
1
0
0
1
0
1
0
0
1
1
0
1
1
1
1
1
1
0
1
2
0
1
1
1
1
1
0
2
1
3
1
2
1
2
3
3
0
1
1
1
1
1
0
4
4
3
1
5
4
2
6
3
0
4
1
5
1
5
0
4
8
3
7
11
4
8
12
3
7
11
1
5
9
13
0
4
8
12
16
20
4
8
12
16
20
24
1
5
9
13
17
21
25
29
33
37
4
8
12
16
20
24
28
32
36
40
44
48
52
/*end loop4*/
/*loop 5 for n_tbl*/
223 /*n_entry*/
0 /*tblidx_min*/
0x41 /*sensorMode of this tbl*/
0 /*expidx0_tvscale*/
16 /*exp_tvscale*/
1 /*n_burst_tbl*/
0x35
0x00
0
0x35
0x01
0
0x35
0x02
0
0x35
0x0C
0
0x35
0x0D
0
223 /*n_entry_burst*/
5 /*nbyte_entry*/
0 /*burstidx_min*/
5 /*nreg_involved*/
0 /*reg# in template*/
0 /*lsb right shift*/
16  /*lsb left shift*/
8 /*nbit_mask*/
1 /*reg1 in template*/
8 /*lsb right shift*/
16 /*lsb left shift*/
8 /*nbit_mask*/
2 /*reg2 in template*/
16 /*lsb right shift*/
16 /*lsb left shift*/
8 /*nbit_mask*/
3 /*reg3 in template*/
24 /*lsb right shift*/
16 /*lsb left shift*/
8 /*nbit_mask*/
4 /*reg4 in template*/
32 /*lsb right shift*/
16 /*lsb left shift*/
8 /*nbit_mask*/
/*contains for n_entry_burst*/
2
196
56
33
246
2
166
49
32
22
2
137
112
30
73
2
109
231
28
145
2
83
138
26
235
2
58
74
25
87
2
34
28
23
212
2
10
245
22
98
1
244
201
20
255
1
223
142
19
171
1
203
57
18
102
1
183
193
17
47
1
165
28
16
4
1
147
65
14
231
1
130
41
13
213
1
113
202
12
207
1
98
28
11
212
1
83
25
10
228
1
68
184
9
254
1
54
244
9
34
1
41
197
8
79
1
29
37
7
133
1
17
14
6
195
1
5
123
6
10
0
250
101
5
89
0
239
199
4
175
0
229
157
4
12
0
219
225
3
113
0
210
142
2
219
0
201
161
2
77
0
193
21
1
196
0
184
229
1
65
0
177
14
0
195
0
169
141
0
75
0
162
92
0
0
0
155
122
0
0
0
148
227
0
0
0
142
147
0
0
0
136
135
0
0
0
130
190
0
0
0
125
51
0
0
0
119
228
0
0
0
114
207
0
0
0
109
241
0
0
0
105
71
0
0
0
100
209
0
0
0
96
139
0
0
0
92
115
0
0
0
88
135
0
0
0
84
199
0
0
0
81
46
0
0
0
77
189
0
0
0
74
114
0
0
0
71
74
0
0
0
68
68
0
0
0
65
95
0
0
0
62
154
0
0
0
59
242
0
0
0
57
104
0
0
0
54
249
0
0
0
52
164
0
0
0
50
105
0
0
0
48
70
0
0
0
46
58
0
0
0
44
68
0
0
0
42
100
0
0
0
40
151
0
0
0
38
223
0
0
0
37
57
0
0
0
35
165
0
0
0
34
34
0
0
0
32
176
0
0
0
31
77
0
0
0
29
249
0
0
0
28
180
0
0
0
27
125
0
0
0
26
82
0
0
0
25
53
0
0
0
24
35
0
0
0
23
29
0
0
0
22
34
0
0
0
21
50
0
0
0
20
76
0
0
0
19
112
0
0
0
18
157
0
0
0
17
211
0
0
0
17
17
0
0
0
16
88
0
0
0
15
167
0
0
0
14
253
0
0
0
14
90
0
0
0
13
191
0
0
0
13
41
0
0
0
12
155
0
0
0
12
18
0
0
0
11
143
0
0
0
11
17
0
0
0
10
153
0
0
0
10
38
0
0
0
9
184
0
0
0
9
79
0
0
0
8
234
0
0
0
8
137
0
0
0
8
44
0
0
0
7
212
0
0
0
7
127
0
0
0
7
45
0
0
0
6
224
0
0
0
6
149
0
0
0
6
78
0
0
0
6
9
0
0
0
5
200
0
0
0
5
137
0
0
0
5
77
0
0
0
5
19
0
0
0
4
220
0
0
0
4
168
0
0
0
4
117
0
0
0
4
69
0
0
0
4
22
0
0
0
3
234
0
0
0
3
192
0
0
0
3
151
0
0
0
3
112
0
0
0
3
75
0
0
0
3
39
0
0
0
3
5
0
0
0
2
228
0
0
0
2
197
0
0
0
2
167
0
0
0
2
138
0
0
0
2
110
0
0
0
2
84
0
0
0
2
59
0
0
0
2
35
0
0
0
2
11
0
0
0
1
245
0
0
0
1
224
0
0
0
1
204
0
0
0
1
184
0
0
0
1
166
0
0
0
1
148
0
0
0
1
131
0
0
0
1
114
0
0
0
1
99
0
0
0
1
84
0
0
0
1
69
0
0
0
1
55
0
0
0
1
42
0
0
0
1
30
0
0
0
1
18
0
0
0
1
6
0
0
0
0
251
0
0
0
0
240
0
0
0
0
230
0
0
0
0
220
0
0
0
0
211
0
0
0
0
202
0
0
0
0
194
0
0
0
0
185
0
0
0
0
178
0
0
0
0
170
0
0
0
0
163
0
0
0
0
156
0
0
0
0
149
0
0
0
0
143
0
0
0
0
137
0
0
0
0
131
0
0
0
0
126
0
0
0
0
120
0
0
0
0
115
0
0
0
0
110
0
0
0
0
106
0
0
0
0
101
0
0
0
0
97
0
0
0
0
93
0
0
0
0
89
0
0
0
0
85
0
0
0
0
82
0
0
0
0
78
0
0
0
0
75
0
0
0
0
72
0
0
0
0
69
0
0
0
0
66
0
0
0
0
63
0
0
0
0
60
0
0
0
0
58
0
0
0
0
55
0
0
0
0
53
0
0
0
0
51
0
0
0
0
49
0
0
0
0
47
0
0
0
0
45
0
0
0
0
43
0
0
0
0
41
0
0
0
0
39
0
0
0
0
38
0
0
0
0
36
0
0
0
0
35
0
0
0
0
33
0
0
0
0
32
0
0
0
0
30
0
0
0
0
29
0
0
0
0
28
0
0
0
0
27
0
0
0
0
26
0
0
0
0
25
0
0
0
0
24
0
0
0
0
23
0
0
0
0
22
0
0
0
0
21
0
0
0
0
20
0
0
0
0
19
0
0
0
0
18
0
0
0
0
18
0
0
0
0
17
0
0
0
0
16
0
0
0
0
15
0
0
0
0
15
0
0
0
0
14
0
0
0
0
14
0
0
0
0
13
0
0
0
0
13
0
0
/*end contains*/
/*vtable Start*/
1
2 /*vtable,n_vtbl,def_vtype(0:no used)*/
135 /*loop4 for n_vtbl*/
0
0 /*etable,n_eidx,emin,escale in evtbl*/
/*vtable End*/
/*error table Start*/
2
223
0
64
0
0
0
0
0
0
0
0
0
0
0
0
0
0
0
0
0
0
0
0
0
0
0
0
0
0
0
0
0
0
0
0
0
0
0
0
0
0
0
0
0
0
0
0
0
0
0
0
0
0
0
0
0
0
0
0
0
0
0
0
0
0
0
0
0
0
0
0
0
0
0
0
0
0
0
0
0
0
0
0
0
0
0
0
0
0
0
0
0
0
0
0
0
0
0
0
0
0
0
0
0
0
0
0
0
0
1
0
0
0
0
1
1
0
1
0
0
1
0
1
0
0
1
1
0
1
1
1
1
1
1
0
1
2
0
1
1
1
1
1
0
2
1
3
1
2
1
2
3
3
0
1
1
1
1
1
0
4
4
3
1
5
4
2
6
3
0
4
1
5
1
5
0
4
8
3
7
11
4
8
12
3
7
11
1
5
9
13
0
4
8
12
16
20
4
8
12
16
20
24
1
5
9
13
17
21
25
29
33
37
4
8
12
16
20
24
28
32
36
40
44
48
52
/*end loop4*/