97   /*n_entry*/
0    /*tblidx_min*/
1    /*nreg*/
0   /*agcidx0_svscale,iso100*/
16   /*agc_svscale*/
1    /*n_burst_tbl*/
0x30
0x5e
0x00
0x00
/*loop1 for n_burst_tbl*/
97   /*n_entry_burst*/
2    /*nbyte_entry*/
0    /*burstidx_min*/
1  /*nreg_involved*/
/*loop0 for nreg_involved*/
0  /*reg# in template*/
0  /*lsb right shift*/
16  /*lsb left shift*/
16  /*nbit_mask*/
/*contains, for n_entry_burst*/
16	
32
16	
33
16	
34
16	
36
16	
38
16	
39
16	
41
16	
43
16	
45
16	
47
16	
49
16	
51
16	
53
16	
56
16	
58
16	
61
16	
160
16	
161
16	
162
16	
164
16	
166
16	
167
16	
169
16	
171
16	
173
16	
175
16	
177
16	
179
16	
181
16	
184
16	
186
16	
189
16	
192
16	
194
16	
197
16	
200
16	
204
16	
207
16	
210
16	
214
16	
218
16	
222
16	
226
16	
231
16	
235
16	
240
16	
245
16	
250
17	
192
17	
194
17	
197
17	
200
17	
204
17	
207
17	
210
17	
214
17	
218
17	
222
17	
226
17	
231
17	
235
17	
240
17	
245
17	
250
18
213
18	
217
18	
221
18	
225
18	
229
18	
233
18	
238
18	
243
18	
248
18	
254
34	
193
34	
196
34	
199
34	
202
34	
206
34	
209
34	
213
34	
217
34	
221
34	
225
34	
229
34	
233
34	
238
34	
243
34	
248
34	
254
50
215
50
219
50
223
50
227
50
232
50
236
50
241
/*end contains, end loop1*/
97
0
64 /*error table, n_erridx, emin, err unit in "N"-th ev*/
/*contains, for n_erridx*/
0
1
2
1
0
2
1
1
1
1
1
1
1
0
1
0
1
1
2
1
0
2
1
1
1
1
1
1
1
0
1
0
1
1
1
1
0
1
1
1
1
1
1
0
1
0
0
0
1
1
1
1
0
1
1
1
1
1
1
0
1
0
0
0
0
0
0
0
0
1
1
0
1
0
1
0
1
0
0
0
0
0
0
0
0
1
1
0
1
0
1
1
1
1
0
1
1
