2 /*n_tbl*/
1 /*nreg*/
/*loop2 for n_tbl*/
145 /*n_entry*/
0    /*tblidx_min*/
0x30 /*sensorMode of this tbl*/
32 /*expidx0_tvscale*/
16 /*exp_tvscale*/
1 /*n_burst_tbl*/
0x02
0x02
0x00
0x00
/*loop1 for n_burst_tbl*/
145 /*n_entry_burst*/
2  /*nbyte_entry*/
0 /*burstidx_min*/
1  /*nreg_involved*/
/*loop0 for nreg_involved*/
0  /*reg# in template*/
0  /*lsb right shift*/
16  /*lsb left shift*/
16  /*nbit_mask*/
/*loop0 ends*/
/*contains for n_entry_burst*/
23	
126
22	
127
21	
139
20	
161
19	
193
18	
235
18	
29
17	
89
16	
156
15	
232
15	
59
14	
150
13	
248
13	
96
12	
207
12	
68
11	
191
11	
63
10	
197
10	
80
9	
224
9	
117
9	
14
8	
172
8	
78
7	
244
7	
157
7	
75
6	
252
6	
176
6	
103
6	
34
5	
223
5	
159
5	
98
5	
40
4	
240
4	
186
4	
135
4	
86
4	
39
3	
250
3	
206
3	
165
3	
126
3	
88
3	
51
3	
17
2	
239
2	
207
2	
177
2	
148
2	
120
2	
93
2	
67
2	
43
2	
19
1	
253
1	
231
1	
210
1	
191
1	
172
1	
153
1	
136
1	
119
1	
103
1	
88
1	
74
1	
60
1	
46
1	
33
1	
21
1	
9
0	
254
0	
243
0	
233
0	
223
0	
214
0	
204
0	
196
0	
187
0	
179
0	
172
0	
165
0	
158
0	
151
0	
144
0	
138
0	
132
0	
127
0	
121
0	
116
0	
111
0	
107
0	
102
0	
98
0	
93
0	
89
0	
86
0	
82
0	
79
0	
75
0	
72
0	
69
0	
66
0	
63
0	
60
0	
58
0	
55
0	
53
0	
51
0	
49
0	
46
0	
44
0	
43
0	
41
0	
39
0	
37
0	
36
0	
34
0	
33
0	
31
0	
30
0	
29
0	
27
0	
26
0	
25
0	
24
0	
23
0	
22
0	
21
0	
20
0	
19
0	
18
0	
18
0	
17
0	
16
0	
15
0	
15
0	
14
0	
13
0	
13
0	
12
0	
12
0	
11
/*end contains*/
/*end loop1*/
0
0 /*vtable,n_vtbl,def_vtype(0:no used)*/
/*loop3 for n_vtbl*/
/*end loop3*/
0
0
0 /*etable,n_eidx,emin,escale in evtbl*/
/*loop2 for n_tbl*/
224 /*n_entry*/
0    /*tblidx_min*/
0x40 /*sensorMode of this tbl*/
0 /*expidx0_tvscale*/
16 /*exp_tvscale*/
1 /*n_burst_tbl*/
0x31
0x66
0xFF
0xE0
/*loop1 for n_burst_tbl*/
192 /*n_entry_burst*/
2  /*nbyte_entry*/
32 /*burstidx_min*/
1  /*nreg_involved*/
/*loop0 for nreg_involved*/
0  /*reg# in template*/
0  /*lsb right shift*/
16  /*lsb left shift*/
16  /*nbit_mask*/
/*loop0 ends*/
/*contains for n_entry_burst*/	
239 	
227 
230 	
56 
220 	
246 
212 	
24 
203 	
155 
195 	
122 
187 	
177 
180 	
60 
173 	
25 
166 	
67 
159 	
183 
153 	
114 
147 	
113 
141 	
178 
136 	
48 
130 	
235 
125 	
223 
121 	
9 
116 	
104 
111 	
249 
107 	
187 
103 	
170 
99 	
198 
96 	
12 
92 	
122 
89 	
15 
85 	
201 
82 	
167 
79 	
166 
76 	
198 
74 	
6 
71 	
99 
68 	
221 
66 	
114 
64 
34 
61 	
234 
59 	
203 
57 	
195 
55 	
208 
53 	
243 
52 	
42 
50 	
117 
48 	
210 
47 	
65 
45 	
192 
44 	
81 
42 	
240 
41 	
159 
40 	
92 
39 	
39 
37 	
254 
36 	
227 
35 	
211 
34 	
207 
33 	
214 
32 	
231 
32 	
3 
31 	
40 
30 	
86 
29 	
142 
28 	
206 
28 	
22 
27 	
102 
26 	
189 
26 	
27 
25 	
129 
24 	
237 
24 	
95 
23 	
215 
23 	
85 
22 	
216 
22 	
97 
21 	
239 
21 	
129 
21 	
25 
20 	
180 
20 	
84 
19 	
248 
19 	
160 
19 	
76 
18 	
251 
18 	
174 
18 	
100 
18 	
29 
17 	
217 
17 	
152 
17 	
90 
17 	
30 
16 	
229 
16 	
174 
16 	
122 
16 	
72 
16 	
24 
15 	
234 
15 	
189 
15 	
147 
15 	
107 
15 	
68 
15 	
31 
14 	
252 
14 	
218 
14 	
185 
14 	
154 
14 	
124 
14 	
96 
14 	
69 
14 	
42 
14 	
17 
13 	
249 
13 	
226 
13 	
204 
13 	
183 
13 	
163 
13 	
144 
13 	
125 
13 	
107 
13 	
90 
13 	
74 
13 	
59 
13 	
44 
13 	
29 
13 	
16 
13 	
3 
12 	
246 
12 	
234 
12 	
223 
12 	
211 
12 	
201 
12 	
191 
12 	
181 
12 	
172 
12 	
163 
12 	
155 
12 	
147 
12 	
139 
12 	
131 
12 	
124 
12 	
117 
12 	
111 
12 	
105 
12 	
98 
12 	
93 
12 	
87 
12 	
82 
12 	
77 
12 	
72 
12 	
67 
12 	
63 
12 	
59 
12 	
55 
12 	
51 
12 	
47 
12 	
44 
12 	
40 
12 	
37 
12 	
34 
12 	
31 
12 	
28 
12 	
25 
12 	
22 
12 
20 
12 	
17 
12 	
15 
12 	
13 
12 	
11 
12 	
9 
12 	
7 
12 	
5 
12 	
3 
12 	
2 
11 	
255 
11 	
254 
11 	
253 
11 	
251 
11 
250 
11 	
249 
11 	
247 
11 	
246 
11 	
245 
11 	
244 
11 	
243 
11 	
242 
11 	
241 
11 	
240 
11 	
239 
11 	
238 
11 	
237 
11 	
237 
11 	
236 
11 	
235 
11 	
234 
11 	
234 
/*end contains*/
/*end loop1*/
2
255 /*vtable,n_vtbl,def_vtype(0:no used)*/
/*loop3 for n_vtbl*/
32
2
0
255 /*vtable,n_vidx,nbyte_entry,vmin,vtype*/
/*contains*/
62	
43
150	
41
0	
40
123	
38
7	
37
162	
35
77	
34
6	
33
205	
31
161	
30
130	
29
111	
28
104	
27
108	
26
122	
25
147	
24
182	
23
226	
22
23	
22
84	
21
154	
20
232	
19
61	
19
154	
18
253	
17
103	
17
216	
16
78	
16
203	
15
77	
15
212	
14
96	
14
/*end contains*/
192
0
32
0 /*vtable,n_vidx,nbyte_entry,vmin,vtype*/
/*end loop3*/
0
0
64 /*etable,n_eidx,emin,escale in evtbl*/