65
0
1
48
16
1
0x35
0x00
0x00
65
2
0
1
0
0
8
16
0
8
0
8
0
8
0
9
0
9
0
9
0
10
0
10
0
11
0
11
0
12
0
12
0
13
0
14
0
14
0
15
0
16
0
16
0
17
0
18
0
19
0
19
0
20
0
21
0
22
0
23
0
24
0
25
0
26
0
28
0
29
0
30
0
32
0
80
0
81
0
82
0
83
0
83
0
84
0
85
0
86
0
87
0
88
0
89
0
90
0
92
0
93
0
94
0
96
0
96
0
96
1
96
1
96
1
96
2
96
2
96
3
96
3
96
4
96
4
96
5
96
6
96
6
96
7
96
8
96
65
0
64
0
1
3
0
2
3
1
3
1
2
1
2
1
0
1
0
0
1
1
0
0
1
1
1
1
1
1
1
1
0
0
0
0
1
1
0
0
1
1
1
1
1
1
1
1
0
0
0
0
1
3
0
2
3
1
3
1
2
1
2
1
0
1
0
0
